Cluster Number 1:{0,1,15398,16126,28812,38150,43019,56181,74426,81664,27084,419,13488,10240,52416,52793,71639,}
Cluster Number 2:{919,6496,17038,1641,2751,3962,915,367,24327,14431,23468,33529,65604,3228,26836,28109,35020,}
Cluster Number 3:{2431,2430,17016,1878,35110,484,}
Cluster Number 4:{2394,1140,11209,5415,9973,2395,11302,17475,27366,17930,18413,37792,38092,64628,67627,73415,19811,20120,}
Cluster Number 5:{3538,9804,2571,5104,13288,7677,18188,13983,19271,20190,7404,29409,29478,40897,43373,50817,54053,54056,61310,61328,64200,76479,76991,78199,78234,78435,78459,78473,10407,10408,6521,14555,52279,4477,}
Cluster Number 6:{5331,5332,6809,15964,4614,4611,5334,6987,63812,12354,}
Cluster Number 7:{4769,4987,28780,70457,12918,20000,74137,50,51,360,9005,18841,23436,27941,32882,39617,39942,52102,53317,64616,71035,75421,76492,74274,6294,1893,42893,}
Cluster Number 8:{15019,20203,5787,41245,51076,732,8314,7551,48,733,946,198,7025,15512,20174,39356,40124,41102,41108,41165,41705,49436,64560,64912,53931,995,}
Cluster Number 9:{15423,4001,14840,28895,28748,}
Cluster Number 10:{126,19,95,902,14,280,1531,1704,3184,1825,5560,6236,20034,26054,26215,63884,64417,64979,73514,76863,79006,79079,79096,67903,}
Cluster Number 11:{283,19987,}
Cluster Number 12:{807,237,1220,18237,24971,755,276,12669,13752,5368,1020,6313,19991,24934,27162,29632,31250,42397,52896,57758,57764,58001,66737,68456,70565,}
Cluster Number 13:{929,80730,927,4859,}
Cluster Number 14:{1376,2484,8437,2659,7666,467,96,525,13855,2198,1191,7164,3434,13104,17013,2370,13024,7031,2521,8470,25450,17562,4089,9607,21129,8734,9977,11361,12934,12950,13039,13239,13259,13338,13560,17048,19224,19496,25577,25738,27218,36311,36816,36839,36859,36884,37963,42148,45846,55776,56565,56681,56749,56791,61152,61283,62499,68753,69281,69300,69307,75016,75093,72055,}
Cluster Number 15:{2826,71,10315,5208,1474,18541,119,7473,2767,2901,12141,2461,10513,25308,4618,1469,24963,20716,8176,7882,3978,10483,10324,10714,13090,15312,15316,24918,24945,42384,42394,42406,48471,65066,65070,67158,71119,79040,81027,44305,799,1022,5406,5185,175,590,1999,3461,8527,6016,15096,1013,7634,3163,55,814,331,724,2697,3162,3504,3178,5479,5224,5352,5446,5460,5909,7475,7627,7785,8153,8535,8545,8995,10129,10251,11045,11332,11354,12370,13272,13458,13665,13667,15980,17718,18880,19031,19280,19624,19757,20206,21357,22298,23919,27183,41218,41636,43110,44024,44112,45255,45259,45260,45270,45274,50670,53335,53348,53361,53851,53855,56203,56234,58280,58438,58445,60449,61996,65550,67734,67752,67773,69014,81377,}
Cluster Number 16:{4269,2326,4267,5766,6837,3122,6759,3132,4313,2276,4366,3366,24855,5272,3134,4373,5269,5765,7288,8638,13167,37095,}
Cluster Number 17:{3319,24980,4043,3320,}
Cluster Number 18:{4687,4182,2055,20020,28645,73214,75882,76307,79617,}
Cluster Number 19:{12851,26990,13262,7100,8363,5725,14197,23936,28553,28781,30573,70709,70829,77861,}
Cluster Number 20:{19777,19776,42111,}
Cluster Number 21:{23381,23582,52369,57039,}
Cluster Number 22:{}
Cluster Number 23:{90,603,1481,2871,4394,5670,5755,5843,6512,6596,6644,7126,7693,10397,10634,11483,11548,15956,17886,20364,21084,28329,42123,53787,54219,54341,67953,71704,72089,73352,73362,74399,13743,2524,7479,207,}
Cluster Number 24:{91,1506,5904,5463,6705,15615,21069,26387,47902,48706,71833,79023,}
Cluster Number 25:{7000,2,315,334,1032,355,364,505,4974,4156,4764,5977,6109,7172,7536,8551,14132,21570,21583,21801,22511,22630,22953,23036,23059,42094,42284,42330,44926,44937,44946,44957,48238,48285,48340,48369,49424,49993,50182,50209,56530,56540,56551,56559,56619,64269,76987,}
Cluster Number 26:{389,7,1097,851,20941,1499,}
Cluster Number 27:{1431,4928,913,554,363,192,2059,9638,11497,11520,12894,15988,20760,50379,61379,1004,}
Cluster Number 28:{27220,208,11627,465,1724,572,4152,9847,16100,16650,16659,21127,23535,26185,26551,27168,29298,29341,40118,44866,52512,63450,65788,76737,76751,76853,76881,}
Cluster Number 29:{263,15,3123,9110,13400,16819,25212,10590,}
Cluster Number 30:{1455,1379,1456,3001,294,4885,20332,48315,71589,1275,}
Cluster Number 31:{1624,3408,683,421,7335,2157,25498,1665,29185,6593,11849,430,1622,3679,2278,14728,23265,23760,14253,6757,588,5574,6934,7613,8305,8943,9802,10331,10713,25238,25814,29012,30049,33152,44787,50971,53596,56310,60409,60444,60459,60478,60912,62322,62375,62378,69039,74385,75250,75340,75433,}
Cluster Number 32:{12981,436,16416,1212,40291,48544,64745,76038,76783,873,}
Cluster Number 33:{751,1450,12297,2166,7921,27651,3201,1326,7355,7023,2262,18102,3109,11895,9323,27634,5945,27629,2772,752,2776,2793,6976,9246,10092,10097,11932,12137,12164,13283,14163,16393,16399,17695,17760,17910,24691,25003,27656,40408,43131,43134,}
Cluster Number 34:{836,7841,2768,2516,2843,320,956,5236,29551,2097,8142,2673,12368,16923,2983,28912,1382,20650,1495,980,1147,1352,14550,24507,24953,31801,36169,37360,65468,71548,72040,72069,73468,73796,79927,80929,80967,81497,}
Cluster Number 35:{2302,5888,21349,152,190,1227,3432,6411,5078,196,3324,5277,10486,5188,330,5329,5879,7764,2788,11218,13208,26608,4492,3862,6978,12094,13996,5475,2372,3384,3168,4478,14455,14503,2429,6220,3529,935,6191,5431,4607,542,5894,16004,6204,5890,10242,6189,327,4408,12120,29584,18124,13871,18095,29576,10363,15635,2022,25536,12794,16030,2296,2508,3079,4494,5885,5943,5807,5930,5996,7174,8924,9611,10087,10113,10117,10298,10394,10910,11157,12424,14457,14523,15001,15548,16115,16168,18204,19315,19320,19383,19402,19887,19986,20003,20149,21124,21334,22042,23296,23841,26498,26541,26605,27695,28077,29972,33717,34067,34156,34197,37458,37732,37743,37753,37768,40186,43253,43271,43279,43381,43738,43743,43747,46622,47419,47433,47446,51151,52225,52263,52914,52920,53324,53755,59027,59035,60227,60238,67077,67080,76585,76628,76658,77024,77147,77151,77470,77476,79377,79677,}
Cluster Number 36:{1211,754,1144,7963,11874,10381,11401,64362,79517,}
*Vertices 925
14
14
12
33
25
35
30
30
35
32
36
19
1
7
31
1
1
15
35
25
5
26
2
25
12
32
31
12
5
23
23
16
12
15
15
7
8
24
35
15
2
34
14
15
24
15
31
5
27
5
5
32
23
31
16
33
34
33
15
12
28
35
26
7
14
15
35
15
25
34
31
7
24
14
33
3
19
8
35
30
25
5
8
5
35
5
33
23
12
35
14
35
14
19
15
35
5
14
5
26
15
35
35
4
7
35
35
35
1
35
33
2
28
1
35
16
35
33
15
35
15
15
34
14
30
4
4
14
2
32
14
35
23
35
4
6
23
35
23
5
35
34
5
33
35
31
7
23
14
31
35
35
15
16
23
34
28
35
10
28
14
31
15
35
5
27
31
31
1
23
14
15
34
15
1
16
23
26
35
14
12
31
15
12
35
5
15
15
35
35
9
15
31
15
15
35
35
15
15
16
5
24
25
33
12
25
15
33
31
14
7
35
16
23
31
32
25
15
15
4
15
15
35
5
18
5
15
28
35
31
14
14
31
5
23
14
28
23
28
35
15
14
25
15
15
5
23
34
36
19
15
27
31
8
15
35
35
14
7
5
25
35
35
34
28
14
28
14
5
13
25
28
14
31
8
23
15
10
5
35
28
31
15
12
1
15
9
14
35
25
25
16
23
15
35
25
33
34
33
25
2
8
31
9
18
3
35
33
16
14
25
15
33
25
8
34
31
7
35
5
15
27
23
31
33
7
15
15
1
15
30
23
33
29
25
35
4
29
14
35
35
14
25
24
32
10
12
35
19
10
12
6
15
35
1
15
35
35
35
10
27
23
11
28
14
35
10
15
34
15
35
15
33
15
8
23
35
35
23
2
10
30
34
28
15
23
5
15
19
35
14
2
34
35
27
14
24
28
16
15
35
35
35
15
15
33
15
34
2
15
10
1
24
7
33
34
7
35
31
5
15
28
34
19
15
33
28
15
23
24
24
8
33
15
25
10
15
34
5
23
10
15
5
15
1
14
19
21
24
15
5
7
33
12
15
31
23
35
2
35
30
25
19
33
10
31
35
14
15
31
15
15
5
31
35
15
33
35
10
8
4
14
14
14
23
35
12
30
31
3
35
15
25
35
35
28
35
25
14
35
19
27
2
35
2
15
20
34
4
13
15
25
3
34
6
35
36
6
33
13
35
13
12
35
15
14
5
15
6
14
25
31
31
35
35
25
15
8
25
15
14
15
14
8
19
23
35
17
4
34
25
35
35
12
28
30
28
7
14
30
34
25
17
35
14
19
35
14
34
35
36
33
15
16
15
8
15
10
15
31
8
8
35
23
5
20
20
35
27
35
33
25
28
33
34
35
16
16
25
15
31
36
8
16
29
31
12
16
35
35
33
32
33
8
36
12
29
18
18
35
14
8
36
16
16
14
19
7
31
16
14
8
34
35
35
10
29
7
35
18
35
35
35
4
23
35
35
6
6
9
31
6
15
31
7
15
31
35
25
35
27
5
35
35
35
21
35
35
35
35
35
4
12
23
35
15
1
15
24
35
27
25
15
18
31
31
36
15
34
15
12
16
14
15
35
31
34
17
35
5
35
14
14
14
15
15
34
12
34
34
10
28
35
35
15
15
25
25
16
35
36
31
8
17
35
23
4
4
15
8
23
31
12
16
32
33
15
33
10
33
15
25
35
15
35
14
35
35
15
10
29
31
10
7
27
25
2
10
15
15
2
19
4
2
15
10
15
10
21
14
28
14
33
7
18
31
14
32
26
15
15
15
35
14
15
15
8
35
34
15
14
23
1
3
2
18
35
33
25
25
7
35
7
27
15
15
35
7
8
35
4
14
28
10
35
33
14
31
7
7
7
14
15
29
1
21
6
35
15
27
28
31
35
5
28
25
35
33
14
35
4
8
14
35
27
25
35
8
35
15
4
23
24
10
1
11
14
15
12
35
1
12
25
25
29
35
31
34
31
15
15
35
25
15
25
35
35
31
25
35
3
15
6
2
35
31
33
8
15
27
9
34
34
7
16
35
34
12
26
31
2
34
33
28
10
34
15
23
14
27
28
32
7
4
25
33
18
15
35
33
35
33
35
15
34
